((("elisp" .
   [1 0 0 0 0])
  ("Thomas-Keller-Teaches-Cooking-Techniques.org" .
   [0 0 0 0 0 0 0 0 0 0 0 0 0 0 0 0 0 0 0 0 0 0 0 0 0 0 0 0 0 0 0 0 0 0 0 0 0 0 0 0 0 0 0 2])
  ("Python可视化" .
   [0 0 0 0 0 0 1 0 0])
  ("Class" .
   [1 0 0 0 0])
  ("Django" .
   [1 0 0 0 0 0])
  ("TODO" .
   [1 0 0 0])
  ("pwd" .
   [1 0 0])
  ("de" .
   [1 0])
  ("org" .
   [7 0 0])
  ("to" .
   [2 0])
  ("git-" .
   [0 0 0 1])
  ("email" .
   [0 0 0 1 0])
  ("after-org-mode-loaded" .
   [0 0 0 0 0 0 0 0 1 0 0 0 0 0 0 0 0 0 0 0 0])
  ("after-save-hook" .
   [0 0 0 1 0 0 0 0 0 0 0 0 0 0 0])
  ("from" .
   [1 0 0 0])
  ("above" .
   [0 0 0 0 1])
  ("memo" .
   [0 0 0 1])
  ("../images/" .
   [0 0 0 0 0 0 1 0 0 0])
  ("Thomas Keller Teaches Cooking Techniques" .
   [0 0 0 0 0 0 0 0 0 0 0 0 0 0 0 0 0 0 0 0 0 0 0 0 0 0 0 0 0 0 0 0 0 0 0 0 0 0 0 1])
  ("overview" .
   [0 0 1 3 2 1 0 0])
  ("STARTUP: " .
   [0 1 1 0 0 0 0 0 0])
  ("*aaa" .
   [0 0 0 1])
  ("this" .
   [2 0 0 0])
  ("TAGS: " .
   [0 1 1 1 0 0])
  ("Note" .
   [0 0 1 0])
  ("Yes" .
   [7 0 3])
  ("**" .
   [1 33])
  ("progn" .
   [1 0 0 0 0])
  ("ture" .
   [1 0 0 0])
  ("print" .
   [3 0 0 0 0])
  ("massage" .
   [1 0 0 0 0 1 0])
  ("eq" .
   [2 0])
  ("if" .
   [1 0])
  ("system-type" .
   [0 0 0 0 0 0 0 1 0 0 0])
  ("system" .
   [0 0 0 0 0 1])
  ("message" .
   [1 0 0 0 0 0 0])
  ("jedi" .
   [0 0 0 1])
  ("python-mode-hook" .
   [1 0 0 0 0 0 0 0 0 0 0 0 0 1 0 0])
  ("add-hook" .
   [1 0 0 0 0 0 0 1])
  ("import" .
   [0 0 0 0 0 1])
  ("help" .
   [0 0 0 1])
  ("hello" .
   [5 0 1 0 0])
  (":init" .
   [1 0 0 0 1])
  (":ensure" .
   [0 0 0 0 0 0 2])
  ("flycheck-info" .
   [0 0 0 0 0 0 0 0 1 0 0 0 0])
  ("Flymake" .
   [1 0 0 0 0 0 0])
  ("use-package" .
   [0 0 0 0 0 0 0 0 0 0 2])
  ("return" .
   [0 0 0 0 1 0])
  ("lazy" .
   [1 0 0 0])
  ("is" .
   [1 0])
  ("asldkjiwdlaksjd" .
   [0 0 0 0 0 0 0 0 0 0 0 0 0 0 1])
  ("lsh" .
   [0 0 2])
  ("auto-revert" .
   [0 0 0 0 0 0 0 0 0 0 1])
  ("nil" .
   [5 0 0])
  ("global" .
   [0 0 0 0 0 1])
  ("global-auto-revert-mode" .
   [0 0 0 0 0 0 0 0 0 0 0 0 0 0 0 0 0 0 0 0 0 0 1])
  ("try" .
   [1 0 0])
  ("dwjil" .
   [1 0 0 0 0])
  ("google" .
   [1 0 0 0 0 0])
  ("png" .
   [1 0 0])
  ("org-m" .
   [1 0 0 0 0])
  ("org-download" .
   [0 0 0 0 0 0 0 0 0 0 0 2])
  ("org-download-heading-lvl" .
   [0 0 0 0 0 0 0 0 0 0 0 0 0 0 1 1 0 0 0 0 0 0 0 0])
  ("setq" .
   [4 0 0 0])
  ("setq-default" .
   [0 0 0 0 0 1 0 0 0 0 0 1])
  ("conf" .
   [1 0 0 0])
  ("*" .
   [5])
  ("TITLE: " .
   [0 0 1 3 0 0 0])
  ("study" .
   [0 0 0 0 1])
  ("book" .
   [1 0 0 0])
  ("notebook" .
   [1 0 0 0 0 0 0 0])
  ("over" .
   [0 0 0 1])
  ("/images/study/Screen%20Shot%202020-05-17%20at%2020" .
   [0 0 0 0 0 0 0 0 1 0 0 0 0 0 0 0 0 0 0 0 0 0 0 0 0 0 0 0 0 0 0 0 0 0 0 0 0 0 0 0 0 0 0 0 0 0 0 0 0 0])
  ("Computer ScienceUdacity-CS101" .
   [0 0 0 0 0 0 0 0 0 0 0 0 0 0 0 0 0 0 0 0 0 0 0 0 0 0 0 0 1])
  ("bookmark" .
   [0 0 0 0 1 1 0 1])
  ("file" .
   [2 0 0 0])
  ("files" .
   [1 0 0 0 0])
  ("C-x" .
   [1 0 0])
  ("insert" .
   [1 0 0 0 0 0])
  ("the" .
   [1 0 0])
  ("time" .
   [1 0 0 0])
  ("UEFI" .
   [1 0 0 0])
  ("timedatectl" .
   [0 0 0 0 0 0 1 0 0 0 0])
  ("/dev/sda" .
   [0 0 0 1 1 0 0 5])
  ("mkfs" .
   [1 0 0 0])
  ("mount" .
   [1 0 0 0 0])
  ("/mnt" .
   [3 0 0 0])
  ("/mnt/boot" .
   [0 0 0 0 1 1 0 0 0])
  ("/dev/sda7" .
   [1 0 0 0 0 0 0 0 0])
  ("linux" .
   [2 0 0 0 0])
  ("passwd" .
   [0 0 0 0 1 0])
  ("enke" .
   [1 0 0 0])
  ("efibootmgr" .
   [0 0 0 1 0 0 0 0 0 0])
  ("grub" .
   [1 0 0 1])
  ("fdisk" .
   [0 0 1 0 0])
  ("mkdir" .
   [1 0 0 0 0])
  ("/mnt2" .
   [1 0 0 0 0])
  ("This" .
   [1 0 0 0])
  ("mode" .
   [1 0 0 0])
  ("|----------------+------+-----------------+-------------+--------------|" .
   [0 0 0 0 1 0 0 0 0 0 0 0 0 0 0 0 0 0 0 0 0 0 0 0 0 0 0 0 0 0 0 0 0 0 0 0 0 0 0 0 0 0 0 0 0 0 0 0 0 0 0 0 0 0 0 0 0 0 0 0 0 0 0 0 0 0 0 0 0 0 0 0])
  ("and" .
   [1 0 0])
  ("package" .
   [0 0 0 0 0 0 1])
  ("note" .
   [1 0 0 0])
  ("with" .
   [1 0 0 0])
  ("taking" .
   [1 0 0 0 0 0])
  ("Set" .
   [0 1 0])
  ("Macros" .
   [0 0 0 0 1 0])))
